0 3 11 12 1
13 14 3 6 0
3 4 6 8 1
11 13 3 4 0
40 49 32 38 0
87 88 42 44 0
30 32 40 43 1
0 1 71 78 1
87 89 79 82 0
4 6 11 12 1
20 21 11 14 0
15 18 26 27 1
14 15 17 19 1
0 3 5 8 1
10 13 33 43 1
39 46 51 61 1
10 15 20 23 1
18 20 0 1 0
8 10 0 3 0
0 3 5 10 1
6 8 21 23 1
56 59 0 3 0
0 2 7 10 1
10 11 0 4 0
18 21 74 83 1
6 9 17 18 1
0 2 11 14 1
33 36 68 72 1
0 1 3 6 1
6 9 54 63 1
5 6 0 3 0
58 69 20 23 0
55 58 60 63 1
0 3 17 20 1
6 9 30 44 1
0 2 33 36 1
29 30 0 2 0
0 2 4 8 1
15 17 6 9 0
76 79 63 66 0
37 47 19 29 0
64 65 70 73 1
7 10 53 56 1
41 43 32 35 0
0 2 65 66 1
9 12 26 30 1
9 11 16 17 1
0 3 23 24 1
13 24 36 53 1
16 23 25 31 1
7 9 92 95 1
19 21 10 13 0
15 20 10 13 0
13 16 50 60 1
29 34 13 16 0
0 3 13 16 1
9 11 0 3 0
52 54 11 14 0
25 36 10 13 0
11 14 0 3 0
0 3 42 46 1
7 15 0 3 0
6 15 29 34 1
70 71 6 9 0
30 41 43 54 1
10 11 13 16 1
20 23 34 45 1
42 44 20 23 0
36 38 6 9 0
0 3 5 6 1
122 124 98 105 0
30 32 9 12 0
29 36 38 41 1
11 13 0 5 0
27 31 9 12 0
55 56 9 12 0
10 13 15 18 1
21 23 12 15 0
14 16 0 3 0
0 3 17 20 1
15 20 0 3 0
50 52 38 41 0
0 3 46 49 1
22 25 69 72 1
0 3 21 36 1
25 28 57 60 1
9 12 17 28 1
49 52 35 38 0
85 87 21 24 0
11 12 0 3 0
0 2 4 7 1
26 29 10 12 0
67 68 31 34 0
0 1 17 20 1
28 33 20 23 0
0 1 15 18 1
0 3 14 17 1
0 2 4 7 1
0 1 3 6 1
12 13 0 1 0
17 26 0 3 0
24 27 6 7 0
0 3 5 8 1
30 42 44 47 1
0 2 4 9 1
0 3 8 13 1
28 30 17 20 0
11 13 0 3 0
10 12 3 4 0
35 38 21 24 0
10 13 5 8 0
26 36 0 3 0
0 3 47 50 1
6 7 0 1 0
0 3 5 9 1
12 14 3 6 0
0 2 7 9 1
0 3 20 31 1
0 3 10 11 1
27 38 11 14 0
10 12 48 65 1
0 3 40 45 1
0 3 10 13 1
0 3 8 11 1
0 3 16 20 1
13 16 47 56 1
0 1 6 7 1
21 23 0 3 0
3 4 6 9 1
21 22 6 8 0
54 57 93 96 1
6 9 14 17 1
5 6 0 3 0
6 9 44 47 1
27 28 0 2 0
12 15 19 20 1
0 1 13 14 1
6 7 0 1 0
0 3 17 20 1
17 19 0 1 0
12 13 3 6 0
38 40 3 6 0
0 1 6 9 1
0 3 10 13 1
8 10 0 3 0
11 14 0 3 0
31 48 0 3 0
0 1 9 12 1
0 3 26 32 1
24 26 0 3 0
0 3 29 32 1
23 25 7 10 0
5 8 0 3 0
22 25 11 14 0
42 44 0 3 0
11 13 0 3 0
69 71 45 46 0
0 3 22 32 1
10 13 17 18 1
0 1 6 9 1
50 52 37 44 0
22 24 10 13 0
32 34 18 21 0
41 43 10 13 0
3 6 57 67 1
31 34 13 16 0
24 26 0 8 0
0 3 18 20 1
14 16 0 3 0
41 55 16 19 0
34 36 17 20 0
38 50 13 16 0
31 40 11 14 0
8 11 33 46 1
3 6 18 28 1
42 44 13 26 0
7 8 0 2 0
36 38 20 29 0
9 11 0 3 0
0 2 13 16 1
10 12 0 1 0
18 20 9 10 0
9 12 0 3 0
8 10 0 3 0
0 3 18 21 1
8 10 0 3 0
20 22 0 3 0
3 6 8 11 1
20 22 3 6 0
34 44 0 2 0
146 149 135 138 0
8 9 0 3 0
0 3 11 14 1
28 30 12 15 0
12 15 45 60 1
0 3 8 11 1
0 1 3 4 1
0 3 15 16 1
9 12 58 73 1
0 3 17 20 1
19 20 7 10 0
29 31 20 23 0
0 1 3 4 1
5 8 40 43 1
19 21 0 3 0
14 18 28 31 1
0 2 14 17 1
10 11 0 4 0
9 12 34 44 1
11 13 0 2 0
87 97 47 50 0
20 23 12 15 0
0 3 20 23 1
12 14 19 21 1
12 14 3 5 0
22 25 33 36 1
38 50 0 9 0
27 29 0 3 0
35 42 19 22 0
5 8 0 3 0
0 1 14 15 1
0 3 15 18 1
27 29 0 3 0
31 33 6 8 0
5 8 0 3 0
42 45 50 57 1
0 3 5 6 1
0 3 16 19 1
35 39 46 49 1
45 50 39 43 0
45 58 19 22 0
0 3 5 7 1
64 79 5 8 0
14 17 9 12 0
69 71 23 25 0
42 51 15 18 0
36 41 95 98 1
9 10 12 13 1
7 8 0 1 0
52 54 20 23 0
0 3 5 8 1
31 34 21 24 0
0 3 33 36 1
5 6 20 23 1
16 19 9 10 0
25 27 17 20 0
60 62 13 16 0
0 3 8 11 1
0 3 47 59 1
6 9 17 20 1
20 31 33 42 1
11 18 20 29 1
0 5 10 13 1
29 32 61 64 1
43 45 12 14 0
26 29 15 18 0
0 2 7 10 1
40 43 45 48 1
35 37 11 14 0
20 23 12 15 0
0 3 34 37 1
0 2 22 29 1
31 34 19 22 0
29 32 19 21 0
34 38 6 8 0
29 32 0 3 0
29 32 0 3 0
8 11 0 3 0
12 15 17 20 1
36 45 23 25 0
0 1 6 7 1
28 30 0 3 0
0 3 18 29 1
0 3 57 71 1
29 41 0 3 0
21 23 13 16 0
29 36 9 20 0
24 26 15 18 0
0 2 8 10 1
0 3 12 15 1
26 29 0 3 0
51 54 6 9 0
29 32 0 3 0
16 23 40 43 1
14 15 0 3 0
0 3 7 15 1
0 3 23 27 1
0 1 3 6 1
38 39 26 29 0
40 42 6 9 0
8 11 0 3 0
32 34 12 26 0
97 99 87 90 0
4 6 36 39 1
7 8 0 2 0
26 29 0 3 0
43 45 0 3 0
24 35 0 3 0
26 30 0 2 0
63 65 0 3 0
25 38 0 3 0
28 37 0 3 0
29 38 9 12 0
9 11 0 3 0
46 55 9 12 0
9 11 0 3 0
0 3 8 9 1
33 36 19 22 0
0 3 10 13 1
28 30 19 22 0
8 11 0 3 0
12 15 23 26 1
32 34 6 9 0
33 43 45 49 1
36 41 19 22 0
8 11 0 3 0
26 29 0 3 0
8 12 0 3 0
34 37 25 28 0
42 45 0 3 0
13 15 0 3 0
41 43 32 35 0
95 97 26 28 0
11 13 0 3 0
30 31 21 23 0
0 3 14 19 1
27 40 10 13 0
17 20 9 12 0
9 12 24 34 1
43 54 7 16 0
26 28 0 2 0
8 10 0 3 0
5 8 0 3 0
74 85 29 32 0
0 3 18 21 1
8 10 0 3 0
53 66 19 22 0
29 30 10 13 0
10 13 44 51 1
10 13 41 51 1
76 79 15 18 0
82 85 92 101 1
12 25 0 3 0
40 43 9 12 0
23 25 9 12 0
0 4 9 12 1
20 22 3 6 0
14 15 0 5 0
17 19 3 8 0
42 53 6 9 0
32 35 0 3 0
0 1 3 4 1
33 45 0 2 0
30 35 0 3 0
34 46 3 6 0
42 44 7 18 0
37 39 0 2 0
9 11 0 2 0
19 20 10 13 0
59 61 34 37 0
33 36 13 16 0
0 3 29 34 1
37 46 0 2 0
27 36 0 3 0
0 3 66 78 1
0 4 6 11 1
0 3 8 11 1
8 11 0 3 0
35 38 6 9 0
30 33 6 10 0
18 30 3 6 0
24 27 14 17 0
12 15 17 20 1
12 13 3 6 0
56 71 0 3 0
0 3 68 75 1
38 41 48 51 1
29 31 3 6 0
17 18 0 4 0
50 53 13 17 0
61 72 22 25 0
33 35 19 22 0
0 3 14 15 1
0 1 3 4 1
34 36 48 52 1
41 50 10 13 0
0 4 9 12 1
16 18 0 3 0
13 17 43 46 1
10 14 47 56 1
75 79 33 42 0
30 31 13 18 0
26 29 41 45 1
14 16 0 3 0
63 66 20 23 0
17 19 0 3 0
5 7 0 3 0
6 9 38 41 1
22 23 3 6 0
33 35 16 19 0
20 21 0 4 0
5 14 0 3 0
28 31 0 3 0
62 65 20 23 0
48 57 15 19 0
36 39 6 9 0
11 13 0 5 0
9 11 0 3 0
66 73 16 20 0
28 32 45 58 1
26 37 80 91 1
15 18 0 3 0
74 76 22 25 0
65 76 22 33 0
78 80 34 37 0
0 1 3 4 1
109 112 61 72 0
21 33 0 3 0
37 40 22 25 0
39 42 44 61 1
0 3 18 23 1
13 16 21 24 1
0 3 26 31 1
15 17 31 40 1
11 12 17 19 1
0 3 10 13 1
57 63 0 3 0
0 3 5 6 1
47 49 10 13 0
0 1 9 10 1
6 9 28 34 1
34 37 56 58 1
57 68 7 10 0
29 32 0 3 0
5 8 0 3 0
0 3 22 24 1
12 13 5 6 0
33 35 20 23 0
9 11 0 3 0
55 57 20 22 0
9 11 0 3 0
55 57 20 23 0
0 3 8 11 1
21 25 0 2 0
12 15 23 26 1
0 3 22 25 1
88 90 71 74 0
9 10 0 3 0
25 27 0 5 0
10 13 18 21 1
16 19 45 48 1
35 37 48 57 1
33 42 10 14 0
7 11 0 3 0
34 36 0 3 0
39 48 3 6 0
3 4 17 20 1
0 3 10 13 1
0 3 57 60 1
0 3 10 13 1
19 21 10 13 0
35 38 0 3 0
0 3 29 43 1
27 29 0 3 0
61 64 0 3 0
20 29 8 11 0
11 14 24 35 1
73 76 14 17 0
12 15 20 26 1
0 3 5 9 1
48 51 10 13 0
0 3 13 16 1
37 40 6 9 0
0 3 15 17 1
65 67 20 22 0
0 3 5 8 1
0 3 16 19 1
33 42 10 19 0
20 23 34 51 1
8 10 0 3 0
8 11 0 3 0
8 10 15 19 1
17 19 0 3 0
19 22 7 8 0
11 14 19 23 1
46 48 10 19 0
0 3 21 25 1
72 86 0 3 0
4 16 43 46 1
10 13 53 62 1
10 12 39 50 1
18 31 33 46 1
13 15 54 57 1
9 12 53 58 1
0 3 17 20 1
16 18 30 44 1
0 3 32 36 1
0 3 28 36 1
10 13 0 2 0
5 8 0 3 0
9 11 0 3 0
28 31 20 23 0
73 75 39 49 0
30 52 0 2 0
28 42 0 2 0
0 2 23 32 1
42 52 13 16 0
12 15 0 2 0
55 57 86 89 1
14 16 0 3 0
10 12 32 46 1
10 13 43 54 1
51 63 20 23 0
5 8 0 3 0
27 32 20 22 0
8 13 0 3 0
55 56 46 49 0
61 63 46 55 0
18 29 10 13 0
24 37 16 19 0
0 3 11 18 1
14 17 0 3 0
11 14 0 3 0
95 104 0 3 0
39 42 7 10 0
0 3 29 38 1
0 2 33 39 1
0 3 5 10 1
0 3 7 10 1
50 52 6 9 0
41 48 23 33 0
8 11 0 3 0
39 48 20 23 0
30 33 0 3 0
0 3 5 8 1
32 34 9 12 0
0 3 11 14 1
20 23 35 40 1
55 57 34 36 0
0 2 17 23 1
19 33 7 10 0
29 32 10 13 0
0 3 17 20 1
0 3 8 9 1
22 24 13 15 0
25 37 0 3 0
27 34 0 3 0
13 15 0 3 0
13 15 34 42 1
78 92 39 51 0
30 35 0 3 0
53 55 20 24 0
37 40 6 9 0
106 118 6 8 0
39 43 20 23 0
45 48 20 23 0
64 66 20 23 0
34 36 0 3 0
33 36 44 47 1
36 38 0 3 0
28 37 10 13 0
9 11 26 29 1
16 19 13 14 0
36 38 27 30 0
3 6 18 30 1
20 21 0 3 0
81 82 72 75 0
35 37 10 13 0
74 77 0 3 0
4 6 23 33 1
34 45 23 26 0
56 59 0 3 0
0 2 15 18 1
5 8 13 15 1
0 3 14 17 1
0 2 14 17 1
8 9 0 3 0
20 23 31 44 1
0 2 6 8 1
0 3 5 7 1
36 43 6 9 0
0 2 15 18 1
0 3 18 21 1
31 40 20 23 0
33 37 6 9 0
31 33 20 23 0
45 48 50 53 1
5 8 0 3 0
17 18 0 1 0
0 2 7 8 1
0 1 3 4 1
3 4 6 7 1
13 22 0 2 0
20 31 0 3 0
25 36 0 3 0
17 20 25 28 1
19 22 27 30 1
10 13 20 33 1
0 3 11 14 1
16 23 25 34 1
0 3 12 15 1
10 17 19 28 1
8 10 0 2 0
31 40 22 25 0
13 17 71 75 1
23 25 13 16 0
8 9 0 2 0
9 11 0 3 0
9 11 0 3 0
16 19 27 29 1
31 33 0 3 0
11 14 0 3 0
9 11 0 3 0
13 16 41 57 1
0 3 21 24 1
15 17 22 25 1
9 20 51 62 1
5 8 0 3 0
26 37 5 8 0
26 28 10 18 0
26 29 6 9 0
6 10 73 77 1
65 67 20 23 0
6 11 0 2 0
13 15 30 33 1
31 36 6 9 0
30 34 6 8 0
21 22 12 15 0
31 34 6 9 0
43 44 21 23 0
0 2 4 7 1
80 83 15 18 0
0 3 5 8 1
23 24 3 6 0
10 14 65 77 1
13 16 0 2 0
0 3 13 16 1
80 83 11 14 0
10 13 15 25 1
0 3 21 23 1
3 15 27 47 1
0 3 15 18 1
9 11 0 3 0
23 25 15 17 0
59 66 10 24 0
12 23 0 3 0
9 11 52 55 1
37 40 6 9 0
76 79 6 9 0
8 11 0 3 0
16 19 0 3 0
43 46 0 3 0
43 44 0 3 0
28 40 5 8 0
0 3 20 23 1
17 28 0 3 0
0 3 17 20 1
26 27 13 14 0
54 64 108 111 1
9 11 43 54 1
24 27 52 63 1
0 3 15 18 1
17 20 42 45 1
5 8 0 3 0
34 35 12 15 0
120 123 7 11 0
4 7 0 2 0
56 59 6 9 0
53 54 45 48 0
0 3 5 8 1
5 8 0 3 0
7 10 41 44 1
5 8 0 3 0
42 44 25 28 0
9 11 0 3 0
40 43 0 3 0
0 9 17 27 1
9 11 0 3 0
63 66 0 3 0
0 2 4 5 1
25 27 90 96 1
0 3 17 18 1
74 77 0 3 0
0 3 8 9 1
3 6 11 17 1
4 6 0 2 0
10 11 13 16 1
33 35 24 27 0
41 44 7 10 0
9 11 0 3 0
